% scratch paper

iter_p1u0 = [2880, 4324, 4437, 1944, 702, 2, 177];
time_p1u0 = [0.1367, 0.2132, 0.2902, 0.1440, 0.1005, 0.0002, 0.2802];
time_p1u0./iter_p1u0*10^4

iter_p2u0 = [];
time_p2u0 = [];

iter_p1u1 = [10000, 10000, 9581, 3182, 1615, 141, 1249];
time_p1u1 = [0.4941, 0.5114, 0.6283, 0.2211, 0.2232, 0.0160, 1.9896];
time_p1u1./iter_p1u1*10^4

iter_p2u1 = [];
time_p2u1 = [];

iter_p1u2 = [10000, 10000, 9290, 3082, 1564, 218, 10000];
time_p1u2 = [0.4700, 0.4952, 0.6037, 0.2115, 0.2099, 0.0242, 15.5877];
time_p1u2./iter_p1u2*10^4

iter_p2u2 = [10000, 10000, 9284, 3085, 1565, 216, 10000];
time_p2u2 = [0.4724, 0.4982, 0.6005, 0.2099, 0.2088, 0.0258, 16.0572];
time_p2u2./iter_p2u2*10^4